Solution info: [
    Assigned variables: 95.78% (545/569)
    Distribution preferences: 100.00% (0.00)
    Iteration: 130033
    Memory usage: 227.60M
    Overall solution value: 522.40
    Room preferences: 100.00% (0)
    Same subpart balancing penalty: 0.00
    Speed: 18.06 it/s
    Student conflicts: 32 [committed:0, distance:8, hard:31]
    Time: 120.00 min
    Time preferences: 95.96% (230.00)
    Too big rooms: 76.76% (1747)
    Useless half-hours: 0.28% (37 + 366)
  ]
Bounds: [
    Back-to-back instructor preferences max: 0.0
    Distribution preferences max: 0.0
    Distribution preferences min: 0.0
    Room preferences max: 0.0
    Room preferences min: 0.0
    Time preferences max: 5690.0
    Time preferences min: 0.0
    Too big rooms max: 2276.0
    Useless half-hours: 36000.0
  ]
Room info:
id, name, size, used_day, used_total
0,R0,102,18,330
1,R1,275,24,192
2,R2,90,36,132
3,R3,105,66,366
4,R4,50,48,318
5,R5,62,24,252
6,R6,218,30,108
7,R7,62,12,264
8,R8,56,30,324
9,R9,40,0,36
10,R10,43,48,258
11,R11,70,0,0
12,R12,275,24,288
13,R13,58,48,252
14,R14,300,12,84
15,R15,48,72,390
16,R16,16,42,306
17,R17,74,24,348
18,R18,458,24,36
19,R19,458,0,12
20,R20,229,0,0
21,R21,250,0,0
22,R22,60,36,246
23,R23,62,0,192
24,R24,24,48,288
25,R25,16,24,120
26,R26,146,30,318
27,R27,433,0,36
28,R28,15,0,0
29,R29,275,30,288
30,R30,362,18,60
31,R31,47,0,0
32,R32,15,0,0
33,R33,24,0,0
34,R34,60,0,0
35,R35,60,0,0
36,R36,47,0,0
37,R37,35,0,0
38,R38,0,0,0
39,R39,176,0,0
40,R40,374,24,96
41,R41,36,24,180
42,R42,24,30,276
43,R43,210,24,96
44,R44,150,54,354
45,R45,16,12,138
46,R46,12,0,36
47,R47,180,0,0
48,R48,300,12,60
49,R49,15,42,180
50,R50,125,0,12
51,R51,101,12,234
52,R52,62,0,0
53,R53,12,0,18
54,R54,12,0,126
55,R55,140,12,24
56,R56,20,0,24
57,R57,500,12,96
58,R58,15,24,180
59,R59,44,0,0
Class info:
id, name, min_class_limit, max_class_limit, room2limit_ratio, half_hours
0,C0,60,60,1.0,12
1,C1,36,36,1.0,12
2,C2,61,61,1.0,12
3,C3,36,36,1.0,12
4,C4,62,62,1.0,12
5,C5,80,80,1.0,12
6,C6,12,12,1.0,18
7,C7,12,12,1.0,18
8,C8,12,12,1.0,18
9,C9,12,12,1.0,18
10,C10,12,12,1.0,18
11,C11,12,12,1.0,18
12,C12,12,12,1.0,18
13,C13,12,12,1.0,18
14,C14,12,12,1.0,18
15,C15,12,12,1.0,18
16,C16,12,12,1.0,18
17,C17,12,12,1.0,18
18,C18,12,12,1.0,18
19,C19,12,12,1.0,18
20,C20,12,12,1.0,18
21,C21,12,12,1.0,18
22,C22,12,12,1.0,18
23,C23,12,12,1.0,18
24,C24,12,12,1.0,18
25,C25,12,12,1.0,18
26,C26,12,12,1.0,18
27,C27,12,12,1.0,18
28,C28,12,12,1.0,18
29,C29,12,12,1.0,18
30,C30,12,12,1.0,18
31,C31,12,12,1.0,18
32,C32,12,12,1.0,18
33,C33,12,12,1.0,18
34,C34,12,12,1.0,18
35,C35,12,12,1.0,18
36,C36,12,12,1.0,18
37,C37,12,12,1.0,18
38,C38,12,12,1.0,18
39,C39,12,12,1.0,18
40,C40,12,12,1.0,18
41,C41,12,12,1.0,18
42,C42,12,12,1.0,18
43,C43,12,12,1.0,18
44,C44,12,12,1.0,18
45,C45,12,12,1.0,18
46,C46,12,12,1.0,18
47,C47,12,12,1.0,18
48,C48,12,12,1.0,18
49,C49,12,12,1.0,18
50,C50,12,12,1.0,18
51,C51,12,12,1.0,18
52,C52,12,12,1.0,18
53,C53,12,12,1.0,18
54,C54,12,12,1.0,18
55,C55,0,0,1.0,18
56,C56,12,12,1.0,18
57,C57,12,12,1.0,18
58,C58,12,12,1.0,18
59,C59,12,12,1.0,18
60,C60,12,12,1.0,18
61,C61,12,12,1.0,18
62,C62,12,12,1.0,18
63,C63,12,12,1.0,18
64,C64,12,12,1.0,18
65,C65,12,12,1.0,18
66,C66,12,12,1.0,18
67,C67,0,0,1.0,18
68,C68,16,16,1.0,24
69,C69,16,16,1.0,24
70,C70,16,16,1.0,24
71,C71,16,16,1.0,24
72,C72,65,65,1.0,24
73,C73,20,20,1.0,12
74,C74,21,21,1.0,12
75,C75,21,21,1.0,12
76,C76,21,21,1.0,12
77,C77,16,16,1.0,12
78,C78,16,16,1.0,12
79,C79,16,16,1.0,12
80,C80,15,15,1.0,12
81,C81,15,15,1.0,12
82,C82,16,16,1.0,12
83,C83,15,15,1.0,12
84,C84,15,15,1.0,12
85,C85,16,16,1.0,12
86,C86,15,15,1.0,12
87,C87,16,16,1.0,12
88,C88,15,15,1.0,12
89,C89,18,18,1.0,12
90,C90,18,18,1.0,12
91,C91,18,18,1.0,12
92,C92,18,18,1.0,12
93,C93,18,18,1.0,12
94,C94,12,12,1.0,12
95,C95,19,19,1.0,12
96,C96,18,18,1.0,12
97,C97,15,15,1.0,12
98,C98,15,15,1.0,12
99,C99,15,15,1.0,12
100,C100,20,20,1.0,12
101,C101,20,20,1.0,12
102,C102,20,20,1.0,12
103,C103,19,19,1.0,12
104,C104,20,20,1.0,12
105,C105,20,20,1.0,12
106,C106,20,20,1.0,12
107,C107,20,20,1.0,12
108,C108,20,20,1.0,12
109,C109,20,20,1.0,12
110,C110,17,17,1.0,12
111,C111,17,17,1.0,12
112,C112,17,17,1.0,12
113,C113,17,17,1.0,12
114,C114,18,18,1.0,12
115,C115,18,18,1.0,12
116,C116,17,17,1.0,12
117,C117,18,18,1.0,12
118,C118,18,18,1.0,12
119,C119,20,20,1.0,12
120,C120,20,20,1.0,12
121,C121,20,20,1.0,12
122,C122,20,20,1.0,12
123,C123,20,20,1.0,12
124,C124,15,15,1.0,18
125,C125,15,15,1.0,18
126,C126,15,15,1.0,18
127,C127,15,15,1.0,18
128,C128,15,15,1.0,18
129,C129,15,15,1.0,18
130,C130,15,15,1.0,18
131,C131,15,15,1.0,18
132,C132,15,15,1.0,18
133,C133,15,15,1.0,18
134,C134,15,15,1.0,18
135,C135,16,16,1.0,18
136,C136,15,15,1.0,18
137,C137,15,15,1.0,18
138,C138,12,12,1.0,18
139,C139,15,15,1.0,18
140,C140,15,15,1.0,18
141,C141,15,15,1.0,18
142,C142,15,15,1.0,18
143,C143,275,275,1.0,12
144,C144,80,80,1.0,12
145,C145,80,80,1.0,12
146,C146,15,15,1.0,12
147,C147,15,15,1.0,12
148,C148,15,15,1.0,12
149,C149,15,15,1.0,12
150,C150,15,15,1.0,12
151,C151,15,15,1.0,12
152,C152,140,140,1.0,12
153,C153,140,140,1.0,12
154,C154,12,12,1.0,12
155,C155,12,12,1.0,12
156,C156,12,12,1.0,12
157,C157,12,12,1.0,12
158,C158,12,12,1.0,12
159,C159,12,12,1.0,12
160,C160,12,12,1.0,12
161,C161,12,12,1.0,12
162,C162,12,12,1.0,12
163,C163,12,12,1.0,12
164,C164,12,12,1.0,12
165,C165,12,12,1.0,12
166,C166,12,12,1.0,12
167,C167,12,12,1.0,12
168,C168,13,13,1.0,12
169,C169,13,13,1.0,12
170,C170,13,13,1.0,12
171,C171,13,13,1.0,12
172,C172,13,13,1.0,12
173,C173,13,13,1.0,12
174,C174,13,13,1.0,12
175,C175,13,13,1.0,12
176,C176,13,13,1.0,12
177,C177,13,13,1.0,12
178,C178,13,13,1.0,12
179,C179,13,13,1.0,12
180,C180,13,13,1.0,12
181,C181,13,13,1.0,12
182,C182,13,13,1.0,12
183,C183,13,13,1.0,12
184,C184,13,13,1.0,12
185,C185,13,13,1.0,12
186,C186,13,13,1.0,12
187,C187,13,13,1.0,12
188,C188,13,13,1.0,12
189,C189,13,13,1.0,12
190,C190,13,13,1.0,12
191,C191,13,13,1.0,12
192,C192,13,13,1.0,12
193,C193,13,13,1.0,12
194,C194,13,13,1.0,12
195,C195,13,13,1.0,12
196,C196,13,13,1.0,12
197,C197,13,13,1.0,12
198,C198,13,13,1.0,12
199,C199,13,13,1.0,12
200,C200,13,13,1.0,12
201,C201,13,13,1.0,12
202,C202,13,13,1.0,12
203,C203,13,13,1.0,12
204,C204,13,13,1.0,12
205,C205,458,458,1.0,12
206,C206,12,12,1.0,18
207,C207,12,12,1.0,18
208,C208,12,12,1.0,18
209,C209,12,12,1.0,18
210,C210,12,12,1.0,18
211,C211,0,0,1.0,18
212,C212,0,0,1.0,18
213,C213,0,0,1.0,18
214,C214,0,0,1.0,18
215,C215,0,0,1.0,18
216,C216,12,12,1.0,18
217,C217,12,12,1.0,18
218,C218,12,12,1.0,18
219,C219,12,12,1.0,18
220,C220,12,12,1.0,18
221,C221,0,0,1.0,18
222,C222,0,0,1.0,18
223,C223,0,0,1.0,18
224,C224,0,0,1.0,18
225,C225,0,0,1.0,18
226,C226,12,12,1.0,18
227,C227,12,12,1.0,18
228,C228,12,12,1.0,18
229,C229,12,12,1.0,18
230,C230,12,12,1.0,18
231,C231,0,0,1.0,18
232,C232,0,0,1.0,18
233,C233,0,0,1.0,18
234,C234,0,0,1.0,18
235,C235,0,0,1.0,18
236,C236,12,12,1.0,18
237,C237,12,12,1.0,18
238,C238,12,12,1.0,18
239,C239,12,12,1.0,18
240,C240,12,12,1.0,18
241,C241,0,0,1.0,18
242,C242,0,0,1.0,18
243,C243,0,0,1.0,18
244,C244,0,0,1.0,18
245,C245,0,0,1.0,18
246,C246,300,300,1.0,12
247,C247,260,260,1.0,12
248,C248,260,260,1.0,12
249,C249,15,15,1.0,12
250,C250,15,15,1.0,12
251,C251,15,15,1.0,12
252,C252,15,15,1.0,12
253,C253,15,15,1.0,12
254,C254,15,15,1.0,12
255,C255,15,15,1.0,12
256,C256,15,15,1.0,12
257,C257,15,15,1.0,12
258,C258,15,15,1.0,12
259,C259,15,15,1.0,12
260,C260,9,9,1.0,12
261,C261,62,62,1.0,12
262,C262,62,62,1.0,12
263,C263,62,62,1.0,12
264,C264,30,30,1.0,12
265,C265,30,30,1.0,12
266,C266,30,30,1.0,12
267,C267,150,150,1.0,12
268,C268,150,150,1.0,12
269,C269,58,58,1.0,12
270,C270,58,58,1.0,12
271,C271,58,58,1.0,12
272,C272,35,35,1.0,12
273,C273,35,35,1.0,12
274,C274,35,35,1.0,12
275,C275,85,85,1.0,12
276,C276,85,85,1.0,12
277,C277,84,84,1.0,12
278,C278,15,15,1.0,12
279,C279,15,15,1.0,12
280,C280,15,15,1.0,12
281,C281,15,15,1.0,12
282,C282,15,15,1.0,12
283,C283,218,218,1.0,24
284,C284,15,15,1.0,12
285,C285,9,9,1.0,12
286,C286,15,15,1.0,12
287,C287,15,15,1.0,12
288,C288,15,15,1.0,12
289,C289,15,15,1.0,12
290,C290,15,15,1.0,12
291,C291,9,9,1.0,12
292,C292,15,15,1.0,12
293,C293,15,15,1.0,12
294,C294,9,9,1.0,12
295,C295,15,15,1.0,12
296,C296,15,15,1.0,12
297,C297,15,15,1.0,12
298,C298,15,15,1.0,12
299,C299,15,15,1.0,12
300,C300,9,9,1.0,12
301,C301,320,320,1.0,12
302,C302,16,16,1.0,12
303,C303,16,16,1.0,12
304,C304,16,16,1.0,12
305,C305,16,16,1.0,12
306,C306,16,16,1.0,12
307,C307,16,16,1.0,12
308,C308,16,16,1.0,12
309,C309,16,16,1.0,12
310,C310,16,16,1.0,12
311,C311,16,16,1.0,12
312,C312,16,16,1.0,12
313,C313,16,16,1.0,12
314,C314,16,16,1.0,12
315,C315,16,16,1.0,12
316,C316,16,16,1.0,12
317,C317,16,16,1.0,12
318,C318,16,16,1.0,12
319,C319,16,16,1.0,12
320,C320,16,16,1.0,12
321,C321,320,320,1.0,12
322,C322,320,320,1.0,12
323,C323,15,15,1.0,24
324,C324,15,15,1.0,24
325,C325,15,15,1.0,24
326,C326,15,15,1.0,24
327,C327,15,15,1.0,24
328,C328,15,15,1.0,24
329,C329,15,15,1.0,24
330,C330,15,15,1.0,24
331,C331,15,15,1.0,24
332,C332,15,15,1.0,24
333,C333,15,15,1.0,24
334,C334,15,15,1.0,24
335,C335,15,15,1.0,24
336,C336,15,15,1.0,24
337,C337,15,15,1.0,24
338,C338,9,9,1.0,24
339,C339,15,15,1.0,24
340,C340,15,15,1.0,24
341,C341,15,15,1.0,24
342,C342,15,15,1.0,24
343,C343,15,15,1.0,24
344,C344,15,15,1.0,24
345,C345,220,220,1.0,12
346,C346,220,220,1.0,12
347,C347,15,15,1.0,12
348,C348,15,15,1.0,12
349,C349,15,15,1.0,12
350,C350,15,15,1.0,12
351,C351,15,15,1.0,12
352,C352,15,15,1.0,12
353,C353,15,15,1.0,12
354,C354,15,15,1.0,12
355,C355,15,15,1.0,12
356,C356,15,15,1.0,12
357,C357,15,15,1.0,12
358,C358,15,15,1.0,12
359,C359,15,15,1.0,12
360,C360,15,15,1.0,12
361,C361,15,15,1.0,12
362,C362,15,15,1.0,12
363,C363,16,16,1.0,24
364,C364,16,16,1.0,24
365,C365,16,16,1.0,24
366,C366,15,15,1.0,24
367,C367,16,16,1.0,24
368,C368,15,15,1.0,24
369,C369,15,15,1.0,24
370,C370,15,15,1.0,24
371,C371,15,15,1.0,24
372,C372,15,15,1.0,24
373,C373,15,15,1.0,24
374,C374,15,15,1.0,24
375,C375,15,15,1.0,24
376,C376,15,15,1.0,24
377,C377,15,15,1.0,24
378,C378,15,15,1.0,24
379,C379,100,100,1.0,12
380,C380,100,100,1.0,12
381,C381,15,15,1.0,12
382,C382,9,9,1.0,12
383,C383,15,15,1.0,12
384,C384,15,15,1.0,12
385,C385,15,15,1.0,12
386,C386,15,15,1.0,12
387,C387,15,15,1.0,12
388,C388,9,9,1.0,12
389,C389,125,125,1.0,12
390,C390,125,125,1.0,12
391,C391,84,84,1.0,12
392,C392,40,40,1.0,12
393,C393,62,62,1.0,12
394,C394,65,65,1.0,12
395,C395,56,56,1.0,12
396,C396,53,53,1.0,12
397,C397,53,53,1.0,12
398,C398,30,30,1.0,12
399,C399,30,30,1.0,12
400,C400,30,30,1.0,12
401,C401,300,300,1.0,12
402,C402,300,300,1.0,12
403,C403,15,15,1.0,12
404,C404,15,15,1.0,12
405,C405,15,15,1.0,12
406,C406,15,15,1.0,12
407,C407,15,15,1.0,12
408,C408,15,15,1.0,12
409,C409,15,15,1.0,12
410,C410,15,15,1.0,12
411,C411,15,15,1.0,12
412,C412,15,15,1.0,12
413,C413,15,15,1.0,12
414,C414,15,15,1.0,12
415,C415,15,15,1.0,12
416,C416,15,15,1.0,12
417,C417,15,15,1.0,12
418,C418,15,15,1.0,12
419,C419,15,15,1.0,12
420,C420,15,15,1.0,12
421,C421,15,15,1.0,12
422,C422,15,15,1.0,12
423,C423,15,15,1.0,12
424,C424,150,150,1.0,12
425,C425,150,150,1.0,12
426,C426,15,15,1.0,24
427,C427,15,15,1.0,24
428,C428,15,15,1.0,24
429,C429,15,15,1.0,24
430,C430,14,14,1.0,24
431,C431,15,15,1.0,24
432,C432,15,15,1.0,24
433,C433,15,15,1.0,24
434,C434,15,15,1.0,24
435,C435,14,14,1.0,24
436,C436,17,17,1.0,12
437,C437,17,17,1.0,12
438,C438,17,17,1.0,12
439,C439,16,16,1.0,12
440,C440,16,16,1.0,12
441,C441,17,17,1.0,12
442,C442,17,17,1.0,12
443,C443,16,16,1.0,12
444,C444,16,16,1.0,12
445,C445,43,43,1.0,12
446,C446,33,33,1.0,12
447,C447,33,33,1.0,12
448,C448,33,33,1.0,12
449,C449,15,15,1.0,12
450,C450,15,15,1.0,12
451,C451,15,15,1.0,12
452,C452,15,15,1.0,12
453,C453,15,15,1.0,12
454,C454,15,15,1.0,12
455,C455,15,15,1.0,12
456,C456,15,15,1.0,12
457,C457,90,90,1.0,24
458,C458,90,90,1.0,96
459,C459,15,15,1.0,24
460,C460,15,15,1.0,24
461,C461,15,15,1.0,24
462,C462,0,0,1.0,24
463,C463,15,15,1.0,24
464,C464,15,15,1.0,24
465,C465,15,15,1.0,24
466,C466,0,0,1.0,24
467,C467,24,24,1.0,12
468,C468,24,24,1.0,12
469,C469,24,24,1.0,12
470,C470,69,69,1.0,24
471,C471,210,210,1.0,24
472,C472,15,15,1.0,12
473,C473,15,15,1.0,12
474,C474,15,15,1.0,12
475,C475,15,15,1.0,12
476,C476,15,15,1.0,12
477,C477,15,15,1.0,12
478,C478,15,15,1.0,12
479,C479,15,15,1.0,12
480,C480,15,15,1.0,12
481,C481,15,15,1.0,12
482,C482,15,15,1.0,12
483,C483,15,15,1.0,12
484,C484,15,15,1.0,12
485,C485,15,15,1.0,12
486,C486,15,15,1.0,12
487,C487,30,30,1.0,12
488,C488,30,30,1.0,12
489,C489,30,30,1.0,12
490,C490,55,55,1.0,12
491,C491,55,55,1.0,12
492,C492,105,105,1.0,24
493,C493,110,110,1.0,24
494,C494,55,55,1.0,12
495,C495,55,55,1.0,12
496,C496,170,170,1.0,24
497,C497,15,15,1.0,12
498,C498,15,15,1.0,12
499,C499,15,15,1.0,12
500,C500,15,15,1.0,12
501,C501,15,15,1.0,12
502,C502,15,15,1.0,12
503,C503,15,15,1.0,12
504,C504,15,15,1.0,12
505,C505,15,15,1.0,12
506,C506,15,15,1.0,12
507,C507,197,197,1.0,24
508,C508,15,15,1.0,12
509,C509,15,15,1.0,12
510,C510,15,15,1.0,12
511,C511,0,0,1.0,12
512,C512,15,15,1.0,12
513,C513,15,15,1.0,12
514,C514,15,15,1.0,12
515,C515,15,15,1.0,12
516,C516,15,15,1.0,12
517,C517,15,15,1.0,12
518,C518,15,15,1.0,12
519,C519,15,15,1.0,12
520,C520,15,15,1.0,12
521,C521,15,15,1.0,12
522,C522,50,50,1.0,24
523,C523,48,48,1.0,12
524,C524,150,150,1.0,24
525,C525,15,15,1.0,12
526,C526,15,15,1.0,12
527,C527,15,15,1.0,12
528,C528,15,15,1.0,12
529,C529,15,15,1.0,12
530,C530,15,15,1.0,12
531,C531,15,15,1.0,12
532,C532,15,15,1.0,12
533,C533,15,15,1.0,12
534,C534,15,15,1.0,12
535,C535,30,30,1.0,24
536,C536,30,30,1.0,24
537,C537,15,15,1.0,24
538,C538,15,15,1.0,24
539,C539,15,15,1.0,24
540,C540,15,15,1.0,24
541,C541,15,15,1.0,24
542,C542,15,15,1.0,24
543,C543,15,15,1.0,24
544,C544,15,15,1.0,24
545,C545,15,15,1.0,24
546,C546,15,15,1.0,24
547,C547,15,15,1.0,24
548,C548,15,15,1.0,24
549,C549,15,15,1.0,24
550,C550,16,16,1.0,24
551,C551,15,15,1.0,24
552,C552,15,15,1.0,24
553,C553,15,15,1.0,24
554,C554,290,290,1.0,12
555,C555,20,20,1.0,24
556,C556,40,40,1.0,12
557,C557,40,40,1.0,12
558,C558,40,40,1.0,12
559,C559,48,48,1.0,24
560,C560,48,48,1.0,12
561,C561,30,30,1.0,12
562,C562,30,30,1.0,24
563,C563,39,39,1.0,12
564,C564,39,39,1.0,12
565,C565,39,39,1.0,12
566,C566,40,40,1.0,12
567,C567,40,40,1.0,12
568,C568,40,40,1.0,12
Total number of classes: 569
Total number of instructional offerings: 50 (8.787%)
Total number of configurations: 1 (0.176%)
Total number of scheduling subparts: 120 (21.090%)
Average number classes per subpart: 4.742
Average number classes per config: 569.000
Average number classes per offering: 11.380
Total number of classes with only one value: 0 (0.000%)
Total number of classes with only one time: 0 (0.000%)
Total number of classes with only one room: 3 (0.527%)
Total number of classes requesting no room: 0 (0.000%)
Total number of classes requesting one room: 569 (100.000%)
Total number of classes requesting one or more rooms: 569 (100.000%)
Average number of requested rooms: 1.000
Average minimal class limit: 28.334
Average maximal class limit: 28.334
Average number of placements: 1078.585
Average number of time locations: 48.058
Average number of room locations: 22.464
Average minimal requested room size: 31.401
Average maximal requested room size: 302.207
Average requested room sizes: 99.574
Average maximum normalized time preference: 10.000
Average minimum normalized time preference: 0.000
Average normalized time preference,10.000
Average maximum room preferences: 0.000
Average minimum room preferences: 0.000
Average room preferences,0.000
Total number of students:2831
Total amount of student enrollments: 13799
Total amount of joined enrollments: 56278
Average number of students: 4.975
Average number of enrollemnts (per student): 4.874
Total amount of inevitable student conflicts: 0 (0.000%)
Average number of meetings (per class): 1.000
Average number of hours per class: 1.282
Total number of rooms: 46
Minimal room size: 12
Maximal room size: 500
Average room size: 106.033
Maximal distance between two rooms: 45.000
Average distance between two rooms: 22.852
Average hours available: 50.000
Total number of instructors: 0
Total class-instructor assignments: 0 (0.000%)
Average classes per instructor: NaN
Total number of group constraints: 136 (23.902%)
Total number of hard group constraints: 136 (23.902%)
Average classes per group constraint: 5.838
